   2.4280658e+01   1.5241844e+01
   1.9312461e+01   2.0246829e+01
   2.1433305e+01   1.4231313e+01
   1.7501726e+01   2.0333956e+01
   2.4594643e+01   1.5435409e+01
   1.9157859e+02   6.9518909e+01
   2.6677320e+01   1.7824127e+01
   2.7042151e+01   2.0157825e+01
   2.2388683e+01   1.8003753e+01
   2.5441620e+01   1.2669411e+01
   1.9291684e+01   1.7813882e+01
   2.5008472e+01   1.4782398e+01
   1.1250610e+01   9.5666938e+00
   2.2509116e+01   1.2224276e+01
   2.3935638e+01   1.6132962e+01
   2.5167269e+01   1.4782340e+01
   1.9766718e+01   1.5365742e+01
   2.2816637e+01   1.3440557e+01
   1.6971180e+01   1.0191609e+01
   2.6329501e+01   1.8500424e+01
   2.2131313e+01   1.7470203e+01
   2.4870838e+01   1.9154800e+01
   2.9651927e+01   1.9539601e+01
   2.0813679e+01   1.0195078e+01
   2.0517954e+01   8.2141279e+00
   2.1867594e+01   1.2670028e+01
   2.1353410e+01   1.5724764e+01
   2.2911331e+01   1.7806198e+01
   2.1148775e+01   1.1786083e+01
   9.2484613e+00   4.7954723e+00
   2.5408925e+01   1.3475831e+01
   1.4686526e+01   8.2968243e+00
   1.5840022e+01   1.4889643e+01
   2.5897345e+01   1.5282383e+01
   1.6394856e+01   1.3329152e+01
   2.1950825e+01   1.2654315e+01
   2.2580163e+01   1.0902612e+01
   2.8151832e+01   9.2521006e+00
   2.4330404e+01   1.7527238e+01
   2.0330684e+01   1.2437467e+01
   1.6008518e+01   1.1092123e+01
   2.0967414e+01   1.1864473e+01
   2.3671975e+01   1.1946581e+01
   2.2831256e+01   1.3357573e+01
   1.7160170e+01   1.5119175e+01
   2.0288074e+01   1.5609343e+01
   2.4000690e+01   1.6477457e+01
   2.3170995e+01   1.0228963e+01
   1.6673606e+01   1.4811811e+01
   2.4881212e+01   1.7253564e+01
   2.1298539e+01   1.2950380e+01
   1.7845232e+01   1.0678505e+01
   2.5665475e+01   1.3461004e+01
   1.0466970e+01   9.2334187e+00
   2.2651334e+01   1.5230846e+01
   2.9622374e+01   1.6473667e+01
   2.7174053e+01   1.7280197e+01
   2.3276663e+01   1.3897491e+01
   1.8674490e+01   1.1948535e+01
   1.9802986e+01   8.8479226e+00
   2.0547005e+01   1.1391400e+01
   1.7120537e+01   9.7136809e+00
   1.5469358e+01   1.0379018e+01
   1.7124350e+01   1.1505301e+01
   2.4211362e+01   1.7260777e+01
   2.0891965e+01   1.4229964e+01
   2.7336261e+01   1.7866252e+01
   2.3991372e+01   1.3196823e+01
   2.6680158e+01   1.7962824e+01
   2.0422690e+01   1.3429475e+01
   2.2944849e+01   1.6408792e+01
   1.8955134e+01   1.4328596e+01
   1.9939013e+02   7.8130737e+01
   2.1693543e+01   1.2524586e+01
   2.5903589e+01   1.3804186e+01
   1.8826881e+01   1.6720922e+01
   2.7990089e+01   1.8292595e+01
   1.4215331e+01   1.0978837e+01
   1.8256201e+01   1.0134818e+01
   1.9778232e+01   1.2773396e+01
   1.3417811e+01   1.7193097e+01
   2.6801700e+01   1.3554316e+01
   2.1452664e+01   1.5319939e+01
   1.9395607e+01   1.3450581e+01
   2.0657173e+01   1.5507078e+01
   2.5324846e+01   1.2634249e+01
   2.1922616e+01   1.7170789e+01
   3.0329472e+01   1.7890999e+01
   2.1842964e+01   1.4349168e+01
   1.8721170e+02   6.8449309e+01
   1.7587938e+01   1.5692969e+01
   1.6616516e+01   1.3880795e+01
   2.2855505e+01   2.0774665e+01
   1.7253455e+01   9.8206907e+00
   2.3167448e+01   1.8689879e+01
   2.6861020e+01   1.6985811e+01
   2.2645053e+01   1.8161455e+01
   2.2858317e+01   1.3781202e+01
   2.7718527e+01   1.2103746e+01
   2.4932952e+01   1.4604547e+01
   2.2632951e+01   1.5615962e+01
   2.6223570e+01   1.8173045e+01
   2.1232259e+01   1.3819141e+01
   2.5570985e+01   1.6688433e+01
   1.9016136e+01   1.4085296e+01
   2.4243081e+01   1.3210086e+01
   1.6889624e+01   9.1545194e+00
   2.1302435e+01   1.2519480e+01
   2.3298678e+01   1.6617834e+01
   3.2025432e+01   1.5805491e+01
   1.6150708e+01   9.9144516e+00
   2.2176171e+01   1.4178173e+01
   1.9367200e+02   7.6350704e+01
   2.0429355e+01   1.3635287e+01
   1.9949182e+01   1.4704760e+01
   3.3224688e+01   1.9198375e+01
   2.6898147e+01   9.2322658e+00
   1.6213417e+01   1.0284309e+01
   2.6180826e+01   1.5751886e+01
   2.0742795e+02   7.4750767e+01
   2.3864631e+01   1.3316851e+01
   1.7530346e+01   2.0261881e+01
   2.3268160e+01   1.4713580e+01
   1.9436335e+01   1.4196411e+01
   2.4532869e+01   1.4162661e+01
   1.9374159e+01   1.3440916e+01
   2.7970088e+01   1.4878787e+01
   1.9511571e+01   1.1833960e+01
   1.9397666e+01   1.3446688e+01
   2.2639441e+01   1.4096480e+01
   1.4170400e+01   1.1462788e+01
   1.9147035e+01   1.2625812e+01
   1.7375161e+01   7.1290907e+00
   2.1571468e+01   9.3547718e+00
   1.8644606e+01   1.1310643e+01
   2.6983555e+01   1.6589411e+01
   2.0195032e+01   1.3541677e+01
   1.9709431e+02   7.3176218e+01
   1.7183165e+01   1.4561432e+01
   2.5310348e+01   1.8347546e+01
   1.6577036e+01   1.0331701e+01
   1.9327202e+01   1.6923699e+01
   2.4358914e+01   8.0650739e+00
   1.8999302e+01   1.4259491e+01
   1.9524853e+02   7.5608171e+01
   2.4296925e+01   1.4794786e+01
   2.3962398e+01   1.1567047e+01
   1.9163839e+02   7.5200633e+01
   2.6599803e+01   1.5875877e+01
   1.6043308e+01   9.9706542e+00
   2.2476712e+01   1.9146694e+01
   2.2040300e+01   1.2062184e+01
   2.2394040e+01   9.2828754e+00
   1.9685898e+01   6.8878167e+00
   2.3325000e+01   1.5674966e+01
   2.3558220e+01   1.6878749e+01
   2.4306396e+01   1.0212465e+01
   1.6875969e+01   1.0884930e+01
   1.8221633e+01   1.2189261e+01
   2.6968678e+01   1.4027803e+01
   2.0625717e+01   1.1044849e+01
   2.3952472e+01   1.6242667e+01
   2.2666338e+01   1.2898478e+01
   2.9802046e+01   1.3404102e+01
   2.3362005e+01   1.4710204e+01
   2.6358830e+01   1.5083634e+01
   1.9993862e+01   1.2325463e+01
   1.8037307e+01   1.2080396e+01
   1.4983441e+01   1.1840765e+01
   2.3868317e+01   1.4014803e+01
   1.7607011e+02   6.8420190e+01
   2.9435860e+01   1.5137492e+01
   1.5347192e+01   1.5557286e+01
   1.9508705e+01   1.1862331e+01
   1.6060129e+01   9.8748845e+00
   2.2334582e+01   1.4200939e+01
   2.2348350e+01   1.0612301e+01
   2.1167505e+01   1.4583950e+01
   2.1315458e+01   1.4990127e+01
   2.7674069e+01   2.1269252e+01
   2.1774894e+01   1.2889547e+01
   1.4756858e+01   1.0577000e+01
   2.6766826e+01   1.8532714e+01
   2.7395303e+01   1.6807677e+01
   2.3832073e+01   1.2885494e+01
   1.6692115e+01   1.1047757e+01
   2.2640881e+01   6.7887266e+00
   1.9604591e+01   5.5708367e+00
   2.2740400e+01   1.6322757e+01
   1.8693648e+01   1.1004836e+01
   2.4481063e+01   1.4897775e+01
   2.5083585e+01   1.9511534e+01
   2.0647496e+01   1.7349580e+01
   1.9496342e+02   6.7762681e+01
   2.5403815e+01   1.4445530e+01
   1.7159918e+01   6.8287071e+00
   1.1651763e+01   5.9940249e+00
   2.7410765e+01   1.2971555e+01
   1.9148023e+02   6.7742213e+01
   2.6562194e+01   1.6069556e+01
   1.9554792e+01   1.1762707e+01
   3.1604779e+01   2.1195205e+01
   2.6589572e+01   1.2641176e+01
   2.9601215e+01   1.4935920e+01
   1.8805482e+02   7.6428586e+01
   1.7824592e+01   1.0489565e+01
   1.9159373e+01   9.1302187e+00
   2.7412833e+01   1.2531552e+01
   1.9587182e+01   1.7222724e+01
   2.0500198e+01   1.3128500e+01
   1.8667955e+01   1.2953751e+01
   1.9046657e+01   9.0698495e+00
   2.4442572e+01   1.4168138e+01
   2.0098218e+01   1.0681075e+01
   2.7933802e+01   1.1396867e+01
   2.0919647e+01   9.7674666e+00
   1.7582531e+01   1.4017774e+01
   2.3211816e+01   2.2160831e+01
   2.0234927e+01   1.8707154e+01
   2.2856261e+01   1.1454909e+01
   2.6807940e+01   1.5795436e+01
   2.1146285e+01   1.4526493e+01
   2.3059573e+01   1.2540807e+01
   1.9945584e+01   1.8051349e+01
   1.6898780e+01   8.0932600e+00
   2.6137849e+01   2.0857883e+01
   1.8416761e+01   1.5304090e+01
   2.0811594e+01   9.7102526e+00
   2.0862061e+01   1.6172326e+01
   2.5565248e+01   1.4904445e+01
   2.2032443e+01   9.0834493e+00
   2.1135145e+01   1.1463397e+01
   2.5169110e+01   1.1669674e+01
   2.3641258e+01   1.8826928e+01
   1.9245110e+01   1.2529517e+01
   2.5781091e+01   1.6818869e+01
   2.2160045e+01   1.4664838e+01
   2.3884709e+01   1.3286447e+01
   2.9510463e+01   1.7735271e+01
   1.8312585e+01   1.1759240e+01
   1.7757455e+01   1.4584048e+01
   2.9929041e+01   1.6829830e+01
   1.3661654e+01   6.7409529e+00
   2.6513010e+01   1.9050543e+01
   2.3310669e+01   1.1438309e+01
   2.3734151e+01   1.4458018e+01
   2.0875949e+01   1.2779403e+01
   2.0293137e+01   1.3062728e+01
   2.2256136e+01   8.1484002e+00
   2.2771676e+01   9.2439804e+00
   2.5720621e+01   1.7317383e+01
   1.8393339e+01   1.8849536e+01
   1.6912314e+01   1.2201956e+01
   1.9040313e+01   1.3761311e+01
   2.5570767e+01   9.7428372e+00
   1.8595388e+02   6.3968567e+01
   2.4839358e+01   1.8818134e+01
   1.2457650e+01   1.1125584e+01
   2.0420222e+01   1.1834429e+01
   2.3020111e+01   1.0353252e+01
   2.2737306e+01   1.5241850e+01
   2.0549072e+01   1.5052383e+01
   2.6076950e+01   1.2302525e+01
   2.2806067e+01   1.2183637e+01
   2.4864200e+01   1.1648645e+01
   2.5084303e+01   1.6694112e+01
   2.6918666e+01   1.5027385e+01
   1.4028850e+01   1.0398473e+01
   1.9621077e+01   1.5240667e+01
   2.6267885e+01   1.2209838e+01
   2.0620475e+01   1.7696574e+01
   2.4709131e+01   1.5667171e+01
   2.8928781e+01   2.3669430e+01
   2.0347501e+01   1.6397218e+01
   2.2504869e+01   6.5519494e+00
   1.8800258e+01   1.3404328e+01
   2.4989071e+01   1.3546361e+01
   2.1484635e+01   1.5862704e+01
   1.8729286e+01   1.1027341e+01
   2.5497108e+01   1.3834626e+01
   2.1516147e+01   1.4330860e+01
   2.2953477e+01   1.9507049e+01
   1.8444438e+02   6.7727213e+01
   2.1545682e+01   8.5429497e+00
   2.7316971e+01   1.4715505e+01
   2.0317471e+01   1.6645731e+01
   2.3674857e+01   1.5293528e+01
   2.0722499e+01   1.2640130e+01
   2.0669223e+01   1.5054255e+01
   3.2075830e+01   2.0072126e+01
   2.5439621e+01   1.5865054e+01
   2.1689918e+01   9.6980016e+00
   2.1533859e+01   1.1220605e+01
   1.8141805e+01   1.1442123e+01
   1.4876844e+01   8.3414376e+00
   2.1224787e+01   1.4305201e+01
   2.4139665e+01   7.9394721e+00
   2.7026308e+01   1.7683002e+01
   1.8228265e+01   8.3757656e+00
   1.8778170e+01   1.6630454e+01
   2.1067408e+01   1.9644742e+01
   2.6020323e+01   1.5687738e+01
   2.7763415e+01   1.3758227e+01
   1.9346665e+01   1.0163895e+01
   2.2456100e+01   1.3652396e+01
   2.5055183e+01   1.2299011e+01
   1.9970424e+02   7.1376299e+01
   2.3187794e+01   1.9183607e+01
   2.3435502e+01   1.6669428e+01
   2.2182469e+01   1.6567551e+01
   2.5988328e+01   1.3482027e+01
   2.9423510e+01   1.5303807e+01
   2.2327371e+01   1.3539516e+01
   2.6836144e+01   1.4144342e+01
   1.6265170e+01   1.5931067e+01
   1.9193301e+02   6.8194734e+01
   2.3485903e+01   9.1299137e+00
   2.4405812e+01   1.9711478e+01
   1.3661583e+01   1.1238950e+01
   1.4245014e+01   7.1113189e+00
   1.7990963e+01   9.0775270e+00
   2.5437728e+01   1.2179311e+01
   2.0038000e+01   2.0925865e+01
   1.9287104e+02   7.4977777e+01
   2.5821254e+01   1.4113726e+01
   2.1364944e+01   9.1018494e+00
   2.3122369e+01   1.5285203e+01
   1.7586137e+01   8.8741783e+00
   2.0744338e+01   1.5867975e+01
   1.7591658e+01   1.4251635e+01
   2.2194925e+01   1.5636051e+01
   2.0744322e+02   7.1791808e+01
   1.9276549e+01   9.8936472e+00
   1.9085147e+01   1.1502928e+01
   2.1574440e+01   1.5226002e+01
   2.0039443e+02   7.7695448e+01
   2.1326037e+01   1.1670884e+01
   2.2769149e+01   1.6638782e+01
   1.6697025e+01   1.2762012e+01
   2.2398523e+01   2.2337910e+01
   2.2283771e+01   1.6678227e+01
   2.0797301e+01   1.8823634e+01
   2.6115723e+01   1.6330628e+01
   2.3967981e+01   1.1180354e+01
   1.8225668e+01   1.4926829e+01
   2.9154112e+01   1.6610566e+01
   1.7887430e+01   8.0263734e+00
   2.5549659e+01   1.3557830e+01
   1.8999507e+01   9.0244792e+00
   1.5516686e+01   1.0036513e+01
   2.6039570e+01   1.7726321e+01
   2.6580210e+01   1.4047024e+01
   1.9277603e+02   7.7417853e+01
   1.4737161e+01   1.3418565e+01
   2.2584171e+01   1.6045390e+01
   2.2713617e+01   1.5502325e+01
   2.7656618e+01   1.9949316e+01
   2.4746666e+01   1.1543370e+01
   2.2741927e+01   1.6647007e+01
   2.1942706e+01   1.5082294e+01
   2.2315459e+01   1.4906399e+01
   1.8527835e+01   1.6780556e+01
   1.6061170e+01   1.2827169e+01
   2.4835695e+01   1.9022196e+01
   2.0905957e+01   1.2875476e+01
   2.4873448e+01   2.0148894e+01
   2.0484091e+01   1.3031080e+01
   1.7773854e+01   9.0750510e+00
   2.4284126e+01   2.1352023e+01
   2.1545350e+01   1.6937093e+01
   1.5938370e+01   6.7564087e+00
   2.7572463e+01   1.5424788e+01
   2.3174108e+01   1.7702046e+01
   2.1059892e+01   1.0683609e+01
   2.1062214e+01   1.5648867e+01
   2.0504402e+01   1.2131626e+01
   2.4259776e+01   1.6669715e+01
   1.9339310e+01   1.6670705e+01
   2.4553478e+01   1.4343421e+01
   1.8912465e+01   1.4704934e+01
   3.0322063e+01   1.9778069e+01
   2.9159697e+01   1.7000097e+01
   1.9427635e+02   7.3007304e+01
   2.4555887e+01   1.4979083e+01
   1.5593380e+01   1.4509878e+01
   2.0749789e+01   1.3198346e+01
   2.3738754e+01   1.3884225e+01
   2.7501218e+01   1.3769960e+01
   2.4877191e+01   1.2162348e+01
   1.5500911e+01   9.1118401e+00
   1.1260925e+01   6.0426885e+00
   2.1927414e+01   1.6905035e+01
   1.6399364e+01   6.5446019e+00
   9.2518955e+00   7.3255618e+00
   2.1684848e+01   1.2851178e+01
   2.2264410e+01   1.2416244e+01
   1.9800971e+02   7.1381785e+01
   2.1508331e+01   1.6236028e+01
   2.3825226e+01   1.9372295e+01
   2.3619464e+01   1.2146323e+01
   2.9259158e+01   2.2400176e+01
   2.1150056e+01   1.5182889e+01
   2.1026289e+01   7.8304632e+00
   1.4853777e+01   1.1052778e+01
   1.1131264e+01   1.0122995e+01
   1.7635621e+01   1.2542879e+01
   2.1834815e+01   1.2552655e+01
   2.3112400e+01   1.1156841e+01
   2.1376727e+02   7.7411748e+01
   2.6842456e+01   1.8434136e+01
   2.0600956e+01   1.4411713e+01
   1.9003519e+02   7.4443068e+01
   2.3236003e+01   1.4419797e+01
   2.9780794e+01   2.1969214e+01
   2.7296585e+01   1.7068885e+01
   3.0352440e+01   1.6162885e+01
   1.9552495e+01   1.2757039e+01
   2.6801168e+01   1.6055739e+01
   2.0782700e+01   1.2008062e+01
   2.2695199e+01   1.3890939e+01
   1.8291410e+01   1.3539877e+01
   2.0554729e+01   1.5060768e+01
   1.9554869e+01   1.5145831e+01
   2.3373446e+01   1.3189429e+01
   1.8632084e+01   1.3562669e+01
   2.9083581e+01   1.8645212e+01
   2.0889099e+01   1.3080037e+01
   2.0745376e+01   1.5035357e+01
   2.0883271e+01   1.6212881e+01
   2.3909246e+01   1.5286968e+01
   2.2025810e+01   1.7692271e+01
   1.8745929e+01   1.1846088e+01
   1.6725584e+01   1.1114587e+01
   2.0417142e+01   8.2851012e+00
   1.7087403e+01   1.3858948e+01
   2.1756101e+01   1.4712328e+01
   2.2227792e+01   1.5180279e+01
   2.3105138e+01   1.1910185e+01
   2.1828129e+01   1.5383195e+01
   1.4106245e+01   5.1336571e+00
   2.3857395e+01   1.1676413e+01
   2.0699104e+01   1.7006293e+01
   1.6921836e+01   1.5044675e+01
   2.1390721e+01   1.8473121e+01
   2.1990749e+01   1.6361112e+01
   1.7943531e+01   1.1201855e+01
   2.2155531e+01   1.1088778e+01
   1.7273506e+01   7.0012232e+00
   2.0390174e+01   1.1257687e+01
   1.8538905e+01   1.1409964e+01
   2.1909108e+01   1.6635355e+01
   2.0084662e+01   8.1690470e+00
   1.9547872e+01   1.1616999e+01
   2.0718228e+01   1.0323097e+01
   1.9690027e+02   7.5439753e+01
   2.3322070e+01   1.7331158e+01
   2.1233644e+01   1.6992833e+01
   2.1750272e+01   1.2307598e+01
   2.1835264e+01   1.5599249e+01
   2.9103368e+01   1.3996030e+01
   1.7027960e+01   1.4961279e+01
   3.3095537e+01   1.8654647e+01
   3.1795611e+01   1.4779738e+01
   3.0238936e+01   1.8103363e+01
   2.2398207e+01   1.7113335e+01
   1.7035072e+01   8.0210396e+00
   2.2535918e+01   1.3220694e+01
   2.8539642e+01   1.4111994e+01
   1.8965487e+01   1.0147538e+01
   1.8096832e+01   1.1867800e+01
   2.1635377e+01   1.2819674e+01
   2.0444959e+01   1.3585094e+01
   2.3821371e+01   1.9233304e+01
   2.1420943e+01   1.1396239e+01
   3.1283301e+01   1.7950915e+01
   2.3859618e+01   1.4548618e+01
   1.8221231e+01   1.2297931e+01
   2.1748967e+01   1.2149222e+01
   2.3258328e+01   1.1732210e+01
   2.8584768e+01   1.5059246e+01
   2.0902670e+01   1.4223352e+01
   1.6528907e+01   8.8158563e+00
   2.1475581e+01   1.8901314e+01
   1.9208635e+02   6.8701897e+01
   1.7698361e+01   2.0349006e+01
   2.8486960e+01   1.6510831e+01
   2.4537559e+01   1.6030026e+01
   2.9208458e+01   2.0580000e+01
   1.6190117e+01   8.3334633e+00
   1.5101826e+01   1.0313436e+01
   2.6519984e+01   1.8229820e+01
   1.0650928e+01   1.0286683e+01
   3.0420532e+01   2.2518895e+01
   1.8373691e+01   1.1771623e+01
   2.2808157e+01   8.2454594e+00
   2.8535001e+01   1.5525214e+01
   2.0568940e+02   6.9909749e+01
   1.9866562e+01   1.2847484e+01
   2.3388172e+01   1.9302873e+01
   1.9683759e+02   7.0800694e+01
   2.0348118e+02   7.7278513e+01
   2.0023328e+01   8.6229639e+00
   1.7329835e+01   6.2414353e+00
   1.8766057e+01   1.5414229e+01
   2.5998964e+01   1.6238928e+01
   1.9683373e+01   1.3520846e+01
   1.5427964e+01   1.2372890e+01
   1.9649536e+01   1.7095327e+01
   1.9713833e+01   1.3727994e+01
   2.6131765e+01   1.3359796e+01
   1.7846326e+01   1.0410990e+01
   2.1222590e+01   1.9544558e+01
   2.1267541e+01   9.8429934e+00
   1.7995094e+01   1.0532578e+01
   2.1641036e+01   1.4101654e+01
   2.2396228e+01   9.6033305e+00
   1.8770262e+01   1.6383894e+01
   2.5180345e+01   1.5526724e+01
   1.9736493e+01   1.0971843e+01
   2.1044032e+01   1.2033906e+01
   2.0400293e+01   1.1303611e+01
   1.9347037e+01   5.9250431e+00
   1.9425529e+01   6.9889204e+00
   2.5648486e+01   1.9988064e+01
   2.7593281e+01   1.2931110e+01
   1.9398810e+01   1.0664212e+01
   2.0767605e+01   9.3307686e+00
   2.6145376e+01   1.6809807e+01
   2.2899502e+01   1.5486492e+01
   1.8481920e+01   1.4170090e+01
   2.4224917e+01   1.1458526e+01
   2.7024334e+01   1.6983838e+01
   2.1803645e+01   1.1771214e+01
   1.9178683e+01   1.1771569e+01
   2.6689327e+01   1.7866646e+01
   2.5725267e+01   9.6081908e+00
   2.6972055e+01   1.5525454e+01
   2.2630644e+01   5.0478765e+00
   2.1464395e+01   1.8298906e+01
   2.3746215e+01   2.0325138e+01
   1.9510214e+02   7.9542049e+01
   2.1749853e+01   8.6340325e+00
   2.2780658e+01   1.1513989e+01
   2.1329230e+01   1.2886393e+01
   1.1268900e+01   9.9557336e+00
   2.4623854e+01   1.3054315e+01
   2.4266355e+01   1.1932540e+01
   1.9363836e+01   8.7827173e+00
   2.3616971e+01   1.1654203e+01
   2.0850184e+01   8.1638362e+00
   1.8463672e+02   7.4660521e+01
   2.8030914e+01   1.7420573e+01
   2.2459094e+01   1.4590292e+01
   2.1130206e+01   1.3198201e+01
   2.5140635e+01   1.4605315e+01
   1.8928180e+01   9.8191858e+00
   2.5818057e+01   1.8564960e+01
   2.4734058e+01   1.7484631e+01
   2.0267773e+01   1.1550612e+01
   2.8972017e+01   1.9364734e+01
   1.6380180e+01   1.2509215e+01
   2.4047633e+01   1.9223044e+01
   1.8990098e+01   9.6945190e+00
   1.9727003e+02   7.2472072e+01
   1.9763478e+02   7.4777527e+01
   2.2321435e+01   1.2930084e+01
   1.9585373e+01   1.6813615e+01
   2.0362004e+01   1.2265159e+01
   2.2256160e+01   1.6438997e+01
   2.3404926e+01   1.7359322e+01
   1.2003926e+01   1.0465681e+01
   2.7824010e+01   1.6146116e+01
   1.8222186e+01   1.2814957e+01
   2.0725153e+01   5.7724044e+00
   1.9461324e+01   1.5137970e+01
   2.6007265e+01   1.7445089e+01
   2.7324559e+01   1.7788234e+01
   2.5274516e+01   1.1561204e+01
   1.4872172e+01   1.5894198e+01
   2.0631531e+01   1.1731084e+01
   1.6308091e+01   8.5266600e+00
   2.3795464e+01   1.4502422e+01
   2.0682373e+01   1.6444355e+01
   2.4219629e+01   1.1806046e+01
   2.6408837e+01   1.8292676e+01
   1.7782877e+01   9.9513459e+00
   2.2793661e+01   1.3470785e+01
   2.0130560e+01   1.8372170e+01
   2.3940191e+01   1.8823837e+01
   1.2978349e+01   8.0566356e+00
   2.3847259e+01   1.8585593e+01
   2.5216926e+01   2.0102103e+01
   1.5880391e+01   9.2389056e+00
   2.0443260e+01   1.2390432e+01
   1.3969118e+01   1.1717321e+01
   3.0290282e+01   2.2632540e+01
   2.2888532e+01   1.5856939e+01
   2.0878460e+01   1.2428741e+01
   2.0550988e+01   1.2891107e+01
   2.5319889e+01   1.3745876e+01
   2.3103494e+01   1.9501757e+01
   2.2196121e+01   1.2019626e+01
   1.7637820e+01   1.0470027e+01
   2.3126871e+01   1.3041303e+01
   2.6529189e+01   2.0141843e+01
   1.7853736e+01   8.8633364e+00
   2.7098047e+01   1.7875988e+01
   2.8455431e+01   1.7835349e+01
   2.8818870e+01   2.2000314e+01
   2.3234750e+01   1.3141322e+01
   2.0888273e+01   1.2874502e+01
   1.9530952e+01   1.3279409e+01
   2.1416718e+01   1.3651193e+01
   1.8521081e+01   1.0889863e+01
   2.0567485e+01   1.2750419e+01
   2.1161454e+01   8.9437971e+00
   1.7488501e+01   1.5439348e+01
   2.4850939e+01   9.4952505e+00
   1.9683967e+01   9.2662697e+00
   1.9086015e+02   6.9000389e+01
   2.3148513e+01   1.3372466e+01
   2.0281706e+01   5.5028746e+00
   2.6255371e+01   1.7890278e+01
   1.9194644e+01   1.3621595e+01
   1.9284193e+02   6.9781915e+01
   1.8111505e+01   5.9997595e+00
   2.6272539e+01   1.1601736e+01
   1.7104228e+01   6.5585907e+00
   2.3412245e+01   1.1874818e+01
   2.4476762e+01   1.6311501e+01
   1.7449910e+01   1.2616418e+01
   1.7937655e+01   1.3422972e+01
   2.3638045e+01   1.5112652e+01
   2.0048121e+01   1.2892464e+01
   2.4984187e+01   1.3132678e+01
   2.5498218e+01   1.5783215e+01
   2.8213786e+01   2.0723894e+01
   2.4259749e+01   1.4846055e+01
   2.8108391e+01   1.7480409e+01
   2.1974270e+01   2.0633889e+01
   2.4255501e+01   9.1659851e+00
   2.7378575e+01   1.3767072e+01
   2.6817457e+01   2.1454277e+01
   1.2845337e+01   9.5395892e+00
   1.6532190e+01   1.0086596e+01
   2.2442042e+01   1.2477214e+01
   2.0743390e+01   1.6242612e+01
   1.9129062e+01   1.4416409e+01
   2.1695880e+01   1.0133198e+01
   1.9595048e+02   7.4253529e+01
   2.1805964e+01   1.1977137e+01
   2.2023852e+01   1.5151606e+01
   1.8334065e+01   9.1201647e+00
   2.2580147e+01   1.3218338e+01
   2.0902765e+01   1.5065490e+01
   2.2813337e+01   1.0948915e+01
   2.3869784e+01   1.5035232e+01
   1.2969512e+01   9.7001272e+00
   1.4955778e+01   1.0318102e+01
   2.5213096e+01   1.4535704e+01
   2.4329895e+01   2.1778883e+01
   1.7689550e+01   7.7189236e+00
   2.0255814e+01   1.3799168e+01
   1.4900608e+01   1.3754632e+01
   1.8938412e+01   1.3298359e+01
   2.0315467e+01   1.3087006e+01
   1.4753513e+01   8.9424602e+00
   2.3535328e+01   1.3804855e+01
   2.2523229e+01   1.6324796e+01
   2.1120908e+01   1.0144193e+01
   3.1591029e+01   1.5485054e+01
   2.0881944e+01   1.2045585e+01
   2.3701332e+01   1.8269879e+01
   2.5664565e+01   1.7543036e+01
   1.9031027e+01   1.3025966e+01
   1.9301763e+02   7.0761116e+01
   2.2956347e+01   1.3494465e+01
   2.4968680e+01   1.6091045e+01
   2.4060456e+01   1.7104620e+01
   1.1375159e+01   9.4568558e+00
   2.1374087e+01   1.6875492e+01
   2.8561971e+01   1.2796749e+01
   2.5936622e+01   1.6491500e+01
   2.6137737e+01   1.6722558e+01
   2.6139481e+01   1.7303819e+01
   1.6815426e+01   9.3793220e+00
   3.2914143e+01   1.8811796e+01
   1.9059985e+02   7.1533231e+01
   2.3727784e+01   9.3045200e+00
   2.4654610e+01   1.1713560e+01
   2.4952672e+01   1.4293416e+01
   1.7674836e+01   1.1524763e+01
   2.2856811e+01   1.6754552e+01
   2.7451404e+01   1.7090722e+01
   2.3505466e+01   1.7048694e+01
   2.1110449e+01   1.3274987e+01
   1.5668445e+01   1.3422855e+01
   2.3099572e+01   1.6721401e+01
   1.3332876e+01   9.5148356e+00
   2.7078631e+01   1.5619908e+01
   1.9363031e+02   6.3183740e+01
   2.3355096e+01   1.4264404e+01
   2.6373906e+01   1.9234157e+01
   1.9732720e+01   1.9076756e+01
   2.5690720e+01   1.9467372e+01
   1.4764767e+01   1.0344338e+01
   2.4301106e+01   1.8421735e+01
   2.9384584e+01   1.5068866e+01
   2.1614679e+01   1.2652478e+01
   2.8104660e+01   1.7900234e+01
   1.9285964e+01   1.5379677e+01
   3.0812468e+01   2.1240074e+01
   2.1368349e+01   1.7740272e+01
   2.2463274e+01   1.8329459e+01
   2.0933427e+01   1.1775430e+01
   1.9211670e+02   7.3389499e+01
   1.9002522e+01   9.4843416e+00
   1.7951610e+01   1.3716102e+01
   2.9605369e+01   1.4228367e+01
   1.6327311e+01   1.0281652e+01
   2.0290545e+01   1.1660616e+01
   1.8405058e+01   1.0489108e+01
   2.5251113e+01   1.6621415e+01
   2.4856715e+01   1.4550623e+01
   1.9401196e+01   1.6476742e+01
   1.7881259e+01   8.3061118e+00
   2.0205029e+01   9.0368697e+00
   2.2896431e+01   1.0062281e+01
   2.3696669e+01   1.7201628e+01
   2.6186724e+01   1.4625771e+01
   2.0487234e+01   1.5381616e+01
   1.9654568e+01   1.1201233e+01
   1.9526228e+01   1.3453540e+01
   2.0578728e+01   1.1366048e+01
   2.4489670e+01   1.6865493e+01
   1.6533418e+01   1.3942276e+01
   2.2189839e+01   1.2712730e+01
   2.5465964e+01   1.6771805e+01
   2.4345644e+01   7.0377623e+00
   2.7943010e+01   1.4913044e+01
   1.8499132e+01   7.3086572e+00
   2.1017686e+01   1.7181565e+01
   2.0720175e+01   1.5556723e+01
   2.0224072e+01   1.0134393e+01
   2.6273544e+01   1.3961869e+01
   1.2651041e+01   6.7920736e+00
   2.1408276e+01   1.7375299e+01
   1.9818493e+01   1.7601120e+01
   1.8867930e+01   1.6002303e+01
   1.9629339e+01   1.1242514e+01
   1.5725111e+01   9.0113660e+00
   1.7958915e+01   1.0949650e+01
   1.6827965e+01   6.2700160e+00
   1.8974725e+01   1.0419978e+01
   2.3688558e+01   2.0232364e+01
   2.7049483e+01   1.2090336e+01
   2.2900761e+01   1.7158973e+01
   1.4208174e+01   1.3899800e+01
   2.7011628e+01   1.5447088e+01
   2.0659706e+01   1.1534264e+01
   2.2467806e+01   1.5323526e+01
   2.7323843e+01   2.1487109e+01
   1.7216344e+01   1.5497505e+01
   1.7866350e+01   1.2673825e+01
   2.3683070e+01   1.4073131e+01
   2.1254772e+01   1.4933042e+01
   1.3950763e+01   1.5010797e+01
   1.9388128e+01   1.4478479e+01
   2.2399224e+01   1.1859068e+01
   2.1914494e+01   1.3288406e+01
   1.5608920e+01   1.1039540e+01
   2.0312766e+01   1.4653532e+01
   2.5137418e+01   1.4571111e+01
   2.7746037e+01   1.5753772e+01
   2.0154284e+01   1.5751582e+01
   2.2677530e+01   1.5766946e+01
   2.2429699e+01   1.5149665e+01
   1.9281463e+01   2.0937526e+01
   2.6631373e+01   2.2543372e+01
   2.2306732e+01   1.5523591e+01
   2.1556717e+01   1.9540156e+01
   2.5558585e+01   1.4078139e+01
   1.0669643e+01   8.9365042e+00
   1.5055848e+01   8.5606726e+00
   2.6655943e+01   1.1725433e+01
   2.3767234e+01   1.8398480e+01
   2.4031889e+01   1.4328669e+01
   2.5496374e+01   1.2728982e+01
   1.9674950e+02   7.5722057e+01
   1.6868785e+01   7.1638747e+00
   1.8190468e+01   1.0505390e+01
   2.2881948e+01   1.6354498e+01
   2.4814452e+01   1.3834371e+01
   2.2757734e+01   1.0413549e+01
   2.3445831e+01   1.1926762e+01
   2.7130893e+01   1.9581522e+01
   2.0069257e+02   7.8312073e+01
   2.6569068e+01   1.9488187e+01
   2.2888393e+01   1.2063794e+01
   1.7637094e+01   7.2451338e+00
   1.9634427e+01   1.0366714e+01
   2.0191831e+02   7.5689202e+01
   2.3301665e+01   1.1538560e+01
   1.5220180e+01   1.3053490e+01
   2.0833655e+01   1.0672767e+01
   2.3834849e+01   1.4330801e+01
   2.3531623e+01   1.6145920e+01
   1.7888794e+01   1.5151336e+01
   1.6363399e+01   1.8016358e+01
   2.7000134e+01   1.3195846e+01
   1.5057644e+01   1.1715551e+01
   2.8180866e+01   1.5339879e+01
   2.4757006e+01   7.0963862e+00
   2.2283624e+01   1.7344892e+01
   2.1768866e+01   1.7786813e+01
   2.1745001e+01   1.4485014e+01
   2.1880346e+01   1.0808777e+01
   1.9239465e+01   1.3170459e+01
   1.9590573e+02   7.4742554e+01
   1.2906458e+01   4.9813362e+00
   2.2169006e+01   1.4810693e+01
   1.9093052e+02   6.9922863e+01
   2.4282517e+01   2.0574241e+01
   2.3898046e+01   1.6218168e+01
   1.8950944e+01   1.0935974e+01
   2.4954025e+01   1.6804402e+01
   2.6487968e+01   1.6352993e+01
   1.9589561e+01   1.2494760e+01
   1.9314320e+01   1.0918938e+01
   2.3655863e+01   1.4959278e+01
   2.3376541e+01   1.7130226e+01
   2.5143013e+01   1.5689500e+01
   3.1392180e+01   1.6073290e+01
   1.9799785e+02   6.9873290e+01
   2.1295042e+01   1.2815464e+01
   2.3325669e+01   1.3766119e+01
   1.7344186e+01   1.3275733e+01
   2.1280401e+01   1.7364924e+01
   2.6859578e+01   1.7400060e+01
   1.6880823e+01   1.1326702e+01
   2.3084445e+01   1.8180183e+01
   2.6444534e+01   2.0261280e+01
   1.9685688e+01   1.5739841e+01
   2.2682530e+01   1.7235757e+01
   2.0961758e+01   1.4784178e+01
   2.8090354e+01   1.8009866e+01
   2.7913855e+01   1.3349375e+01
   2.8957970e+01   1.7057734e+01
   2.7229377e+01   1.5498887e+01
   1.7031775e+01   8.1654155e+00
   1.4291142e+01   1.2533339e+01
   2.0676734e+01   1.4346672e+01
   2.1108688e+01   1.5113226e+01
   2.3112712e+01   1.3596707e+01
   2.3492908e+01   1.6524819e+01
   2.3357617e+01   1.5974210e+01
   1.2159898e+01   9.7628946e+00
   2.5568560e+01   1.4909696e+01
   1.8312649e+01   1.2976493e+01
   2.0017113e+02   7.7105007e+01
   2.4477474e+01   1.1470787e+01
   2.1660261e+01   9.0353774e+00
   2.6432106e+01   1.5688023e+01
   1.9745258e+01   1.5722072e+01
   1.9402310e+01   1.3410208e+01
   2.1362677e+01   1.2126472e+01
   2.0225361e+02   7.2700276e+01
   2.0162783e+01   1.2159899e+01
   2.9147117e+01   1.8169190e+01
   2.7694794e+01   1.3316060e+01
   1.8259789e+01   1.2881574e+01
   2.0163084e+01   2.7888022e+00
   2.1482107e+01   1.4521582e+01
   2.1006707e+01   1.8448118e+01
   1.3960244e+01   1.2802134e+01
   1.9826316e+01   1.3041279e+01
   1.5250097e+01   1.0114755e+01
   1.9915306e+01   1.7726117e+01
   1.8353973e+01   1.1624107e+01
   2.3794438e+01   1.8088675e+01
   1.9994297e+01   1.5950243e+01
   1.4919962e+01   7.3811440e+00
   1.9424760e+01   1.3244245e+01
   2.8953491e+01   1.5538182e+01
   2.1262608e+01   1.0158917e+01
   1.5239600e+01   1.3758930e+01
   2.6065443e+01   1.1937582e+01
   2.3568273e+01   1.1945640e+01
   2.0104911e+02   7.4267640e+01
   2.3666849e+01   1.4738997e+01
   2.8202591e+01   1.9294110e+01
   2.8978462e+01   1.9193246e+01
   1.4385320e+01   1.1873031e+01
   2.4882143e+01   1.8631783e+01
   1.8810227e+01   1.6350413e+01
   2.1896316e+01   9.8911003e+00
   1.5624000e+01   1.0397231e+01
   2.3927722e+01   1.3604019e+01
   2.8292319e+01   2.1066503e+01
   2.4993533e+01   1.1353749e+01
   2.1402601e+01   1.1246499e+01
   2.2951203e+01   2.1836208e+01
   1.4998349e+01   9.2311460e+00
   2.0795530e+01   1.7576789e+01
   1.8927884e+01   9.3671842e+00
   1.9265122e+01   1.0696545e+01
   2.8419721e+01   1.8306004e+01
   8.5944240e+00   1.1105560e+01
   1.6743707e+01   2.0161134e+01
   2.5036569e+01   1.8675603e+01
   2.3491368e+01   1.2867023e+01
   2.8380270e+01   2.8945572e+01
   2.6875238e+01   1.5740616e+01
   2.4202690e+01   1.3769712e+01
   2.2909363e+01   1.1996737e+01
   3.3660882e+01   1.3761089e+01
   1.7012282e+01   4.6108052e+00
   2.3808626e+01   2.1142300e+01
   1.7565148e+01   1.6536302e+01
   2.2848637e+01   1.8386070e+01
   2.4518379e+01   7.2598239e+00
   2.0357433e+01   1.3314535e+01
   2.3801543e+01   1.4476556e+01
   2.7731989e+01   1.9386653e+01
   1.9758049e+01   1.3094258e+01
   1.5891959e+01   1.2925046e+01
   1.6438858e+01   5.8166395e+00
   2.3261457e+01   1.5126409e+01
   1.8047952e+01   1.1882143e+01
   2.4570468e+01   1.5694596e+01
   1.6906786e+01   1.0459531e+01
   2.4365509e+01   1.0248857e+01
   2.4883781e+01   1.3422647e+01
   2.0041254e+01   1.0690923e+01
   3.2837697e+01   1.7134859e+01
   1.9122045e+01   1.0140316e+01
   1.9978357e+02   7.1376667e+01
   1.9046083e+01   1.2931156e+01
   1.9144366e+01   8.6386379e+00
   2.2065121e+01   1.5960205e+01
   2.5490857e+01   1.3678257e+01
   2.1257370e+01   1.8920072e+01
   2.1852080e+01   1.0148920e+01
   2.1476625e+01   8.6817721e+00
   2.3206925e+01   1.6920136e+01
   2.8604698e+01   1.8591643e+01
   1.8821903e+02   6.1098773e+01
   1.8244386e+01   1.0778394e+01
   2.4454439e+01   2.0180394e+01
   1.2937896e+01   1.4809828e+01
   2.7374339e+01   1.9480005e+01
   2.1608304e+01   9.9319525e+00
   1.8301143e+01   1.3527480e+01
   2.2070586e+01   1.8777841e+01
   1.8801198e+01   1.6634208e+01
   1.7072442e+01   1.0381125e+01
   1.9311009e+01   1.1961474e+01
   2.4193865e+01   1.5740372e+01
   2.6561563e+01   1.2003129e+01
   2.5346806e+01   1.8172464e+01
   2.0123948e+01   1.5879867e+01
   1.9652093e+01   2.2197024e+01
   2.1556068e+01   1.1136819e+01
   1.6051276e+01   9.9391714e+00
   2.6008240e+01   8.2811821e+00
   1.6428374e+01   1.0814266e+01
   1.9082843e+01   1.0328641e+01
   2.2473887e+01   1.6192691e+01
   2.1822212e+01   7.6148798e+00
   2.7224214e+01   1.5301310e+01
   1.3777196e+01   8.0625710e+00
   1.7235132e+01   1.0744002e+01
   1.6040742e+01   1.1531568e+01
   2.2250693e+01   8.9194407e+00
   2.4201605e+01   1.6577370e+01
   2.1814562e+01   1.6123663e+01
   2.0090721e+01   1.1555968e+01
   2.1773231e+01   1.2508063e+01
   1.7584440e+01   1.7184013e+01
   2.2738596e+01   1.2382802e+01
   2.0464804e+01   1.3659938e+01
   2.3958899e+01   1.7396752e+01
   2.7278832e+01   1.7148548e+01
   1.8993375e+02   6.9956721e+01
   2.5026816e+01   1.9152885e+01
   2.2439534e+01   1.1325565e+01
   1.9452311e+01   1.1833825e+01
   2.2665154e+01   1.4180807e+01
   2.1612013e+01   1.5861438e+01
   2.8877589e+01   1.6924775e+01
   2.0179828e+01   1.6980541e+01
   2.0499230e+01   1.3252814e+01
   2.0117547e+02   6.7432751e+01
   2.1051746e+01   1.4543008e+01
   2.7402772e+01   1.2425710e+01
   1.1373496e+01   1.4420067e+01
   2.2107709e+01   1.3841851e+01
   1.9979240e+01   1.3996638e+01
   3.0080653e+01   2.1266102e+01
   2.2147559e+01   1.5240926e+01
