   1.8226296e+01  -4.8724607e-01
   1.8581918e+01   1.3494785e+01
   2.2654978e+01   8.6083009e+00
   1.6090035e+01   5.7921809e+00
   1.9968400e+01   1.0756568e+01
   2.3931588e+01   1.3850006e+01
   2.4249029e+01   9.7101307e+00
   2.4514262e+01   1.2160794e+01
   2.2377462e+01   1.3499347e+01
   2.5634532e+01   1.6963876e+01
   2.1752782e+01   8.7437640e+00
   2.7474099e+01   1.3250515e+01
   1.1566818e+01   6.8235733e+00
   1.9855201e+01   1.1852310e+01
   2.0940169e+01   1.6480447e+01
   2.8409738e+01   1.8516198e+01
   2.3980515e+01   1.1352594e+01
   2.1302915e+01   1.1955918e+01
   2.9130433e+01   1.4532569e+01
   2.4217992e+01   1.7400584e+01
   2.4060950e+01   1.5030125e+01
   2.8725058e+01   1.5204460e+01
   1.9129780e+01   1.4762657e+01
   2.3051099e+01   1.5093826e+01
   2.7233608e+01   1.2457516e+01
   2.4629658e+01   1.0648857e+01
   1.9042029e+01   1.3760040e+01
   1.8226459e+01   7.2300226e+00
   3.2007282e+01   1.7004096e+01
   1.5959872e+01   7.3578870e+00
   2.1438326e+01   1.1122307e+01
   2.7511820e+01   1.6258810e+01
   2.0345672e+01   7.7122404e+00
   2.4793184e+01   1.5389138e+01
   2.3673650e+01   1.5904387e+01
   1.5648702e+01   1.5023393e+01
   2.6191088e+01   1.0948545e+01
   1.9658583e+01   1.2516952e+01
   2.1945000e+01   8.8551038e+00
   1.8381365e+01   1.0718141e+01
   2.0175472e+01   8.9584940e+00
   3.1322064e+01   1.8735474e+01
   1.7881764e+01   1.2567152e+01
   2.3934907e+01   1.3590166e+01
   2.8331959e+01   1.4730568e+01
   2.1749649e+01   1.5875722e+01
   1.7682753e+01   1.1520666e+01
   2.0388005e+01   1.4799048e+01
   2.4742369e+01   1.3793796e+01
   2.4812873e+01   1.2550167e+01
   2.7395849e+01   1.1405612e+01
   1.8703651e+01   8.4554359e+00
   2.6838495e+01   1.4945893e+01
   1.7821422e+01   1.0012517e+01
   2.1033592e+01   1.4059910e+01
   1.3970758e+01   6.4734000e+00
   2.0240835e+01   1.0613149e+01
   2.0956434e+01   1.5085000e+01
   2.1654771e+01   1.1994997e+01
   2.2686743e+01   1.4014614e+01
   1.9188087e+01   1.3512144e+01
   2.4788591e+01   1.4809063e+01
   2.7015569e+01   1.6267143e+01
   2.6324217e+01   1.5996021e+01
   1.9335890e+01   1.6623624e+01
   2.3839808e+01   1.1803746e+01
   2.4768580e+01   1.3241974e+01
   1.9560074e+01   1.4791845e+01
   1.8344579e+01   1.3194559e+01
   1.7378467e+01   1.1160536e+01
   2.7262919e+01   1.0912478e+01
   1.7621513e+01   1.0465117e+01
   2.0511429e+01   1.4962189e+01
   2.8230647e+01   2.0851069e+01
   2.1211125e+01   9.4442615e+00
   2.4411477e+01   1.3097127e+01
   1.8754648e+01   1.8719889e+01
   3.2352466e+01   2.1520625e+01
   1.6935944e+01   1.0853834e+01
   1.9785373e+01   1.0919602e+01
   2.0849379e+01   1.8060323e+01
   2.1973370e+01   1.3121582e+01
   2.3867316e+01   1.2542572e+01
   1.6582856e+01   9.3465466e+00
   2.1892507e+01   1.6731572e+01
   2.0610925e+01   1.2239276e+01
   1.6669574e+01   1.2508992e+01
   2.4482430e+01   2.0325408e+01
   2.4083083e+01   1.2033857e+01
   2.4611004e+01   1.4505264e+01
   1.9206242e+01   1.0411562e+01
   1.7524649e+01   1.2787778e+01
   1.8745641e+01   1.7838297e+01
   2.2778605e+01   1.6210873e+01
   1.6483635e+01   1.9368920e+01
   2.4677094e+01   1.6867206e+01
   1.9533434e+01   1.8514570e+01
   2.0924004e+01   1.3569294e+01
   1.8986897e+01   1.2623140e+01
   1.4637054e+01   1.1066675e+01
   1.7956197e+01   9.2842994e+00
   2.5271360e+01   1.1979984e+01
   2.3977496e+01   1.6334731e+01
   2.7850642e+01   1.3608865e+01
   2.0336980e+01   1.0922932e+01
   2.3224392e+01   1.0449004e+01
   2.3102706e+01   1.7426873e+01
   2.0316366e+01   1.5136409e+01
   2.4086257e+01   1.3747835e+01
   2.3501950e+01   1.5827056e+01
   1.5743894e+01   8.2030480e+00
   2.6930976e+01   1.4139393e+01
   1.7974487e+01   1.3920398e+01
   1.9316653e+01   1.1988408e+01
   1.7025477e+01   1.1174741e+01
   1.3557582e+01   7.0544103e+00
   2.1893919e+01   1.5233011e+01
   1.7231111e+01   9.4435168e+00
   2.2648549e+01   1.7438211e+01
   2.2797969e+01   1.2346403e+01
   2.5426771e+01   1.4711264e+01
   1.4163560e+01   1.1482734e+01
   2.3200463e+01   1.5486045e+01
   2.3654410e+01   1.4225717e+01
   2.3595329e+01   1.4669324e+01
   3.3780681e+01   2.1087988e+01
   2.0477736e+01   1.4499114e+01
   2.3554641e+01   1.0231265e+01
   2.2568576e+01   1.7099545e+01
   2.0255465e+01   1.4692489e+01
   2.2822076e+01   1.3056502e+01
   1.7890847e+01   1.3924207e+01
   2.4999957e+01   1.4230312e+01
   2.3523035e+01   1.0771366e+01
   2.3281220e+01   1.1975407e+01
   2.7622844e+01   1.2865068e+01
   2.2068762e+01   1.5914194e+01
   1.7062735e+01   5.2076443e+00
   1.6645972e+01   1.0980492e+01
   1.4680217e+01   1.2474120e+01
   2.6894057e+01   2.0250083e+01
   2.1416226e+01   1.2560512e+01
   2.8112561e+01   1.3782676e+01
   2.2176018e+01   1.3162811e+01
   2.2458411e+01   1.2545261e+01
   1.6514662e+01   9.9198788e+00
   2.5885184e+01   1.6331720e+01
   2.1854287e+01   1.2438033e+01
   2.3404599e+01   7.9261230e+00
   2.6886807e+01   1.9056352e+01
   2.6687190e+01   1.9315077e+01
   1.9250780e+01   1.2466065e+01
   2.2040762e+01   1.3230495e+01
   1.1620809e+01   6.2269532e+00
   2.4274808e+01   1.5946696e+01
   1.9840875e+01   1.2228852e+01
   2.5332683e+01   5.8613806e+00
   1.8955709e+01   1.1313014e+01
   2.2616107e+01   1.7039278e+01
   2.3380524e+01   1.4267543e+01
   2.8354073e+01   1.4894777e+01
   3.3959848e+01   1.8174532e+01
   1.4360014e+01   1.1724797e+01
   2.4961094e+01   1.2153878e+01
   1.8156177e+01   9.6701929e+00
   2.3387448e+01   1.3601397e+01
   2.8754645e+01   1.1352173e+01
   2.5113013e+01   1.5011039e+01
   1.7974867e+01   7.7694590e+00
   2.5678052e+01   2.0279648e+01
   1.8858939e+01   1.2466233e+01
   1.7168218e+01   1.2305394e+01
   2.4106998e+01   1.4606424e+01
   2.7406489e+01   1.9821908e+01
   2.5851697e+01   1.4677737e+01
   2.2391999e+01   7.2519297e+00
   1.9183622e+01   1.0361664e+01
   2.2432652e+01   1.4381019e+01
   3.0358083e+01   1.1314471e+01
   2.4613245e+01   1.7703242e+01
   2.6479847e+01   2.0856773e+01
   1.4683321e+01   6.1009018e+00
   2.1541010e+01   1.5992559e+01
   2.1258192e+01   1.4300692e+01
   1.9339036e+01   1.3371846e+01
   2.4886416e+01   1.6210829e+01
   1.8568653e+01   1.4895766e+01
   2.6859047e+01   1.4761170e+01
   2.1040332e+01   1.3008654e+01
   1.7860815e+01   1.2378108e+01
   1.8015240e+01   1.3968218e+01
   2.1698949e+01   9.2918557e+00
   1.6196764e+01   8.9831701e+00
   2.3014620e+01   1.0358438e+01
   2.3931205e+01   1.3934754e+01
   1.7834268e+01   4.8219391e+00
   2.3196960e+01   8.5244753e+00
   2.0588505e+01   1.4346912e+01
   2.3486959e+01   1.7112292e+01
   1.8026053e+01   8.7612822e+00
   2.3378191e+01   1.2601912e+01
   2.9105249e+01   1.8903072e+01
   1.9542766e+01   1.0985532e+01
   2.7322481e+01   1.7494353e+01
   3.2127606e+01   1.7676125e+01
   1.9705899e+01   9.4855841e+00
   2.1028369e+01   1.5862376e+01
   1.8529988e+01   1.3157281e+01
   2.0119236e+01   1.1635693e+01
   2.4401073e+01   1.9806119e+01
   2.2393821e+01   1.5083735e+01
   2.1222489e+01   1.5689518e+01
   2.3939130e+01   1.1617925e+01
   1.4860648e+01   1.2182770e+01
   1.5915223e+01   4.2130484e+00
   2.6939260e+01   1.1243868e+01
   2.2115986e+01   1.3323367e+01
   2.6714399e+01   1.4651189e+01
   2.2066075e+01   1.3228490e+01
   2.0878770e+01   1.5707383e+01
   2.2189080e+01   1.5643359e+01
   1.9828307e+01   1.0261200e+01
   1.9484847e+01   1.0709231e+01
   2.6517066e+01   1.7347825e+01
   2.4700083e+01   1.2459139e+01
   2.7196319e+01   2.0586466e+01
   2.6498832e+01   1.6709012e+01
   2.4134878e+01   1.8117427e+01
   2.3588435e+01   1.4060718e+01
   2.6318159e+01   1.5881776e+01
   2.0658743e+01   1.3914999e+01
   2.9262952e+01   1.7810342e+01
   2.8441326e+01   1.7736578e+01
   2.6269947e+01   1.7943456e+01
   2.3441580e+01   1.4454500e+01
   1.9283012e+01   8.6578134e+00
   2.1074327e+01   1.5359389e+01
   2.7000320e+01   1.7239694e+01
   1.3644410e+01   9.3624643e+00
   2.4546706e+01   2.0575258e+01
   2.5589445e+01   1.5164742e+01
   2.6074112e+01   1.4786106e+01
   2.4860700e+01   1.6303229e+01
   2.1106558e+01   1.3622690e+01
   2.0796998e+01   1.3619012e+01
   2.1148787e+01   1.5909352e+01
   2.1059245e+01   1.3722875e+01
   1.9794278e+01   1.5699981e+01
   1.7144447e+01   7.4073184e+00
   2.4553290e+01   6.5640090e+00
   2.3610965e+01   1.8786616e+01
   2.0591877e+01   1.0850261e+01
   2.8171845e+01   1.2425288e+01
   2.3738661e+01   1.5057118e+01
   2.3868999e+01   1.7117148e+01
   1.6435057e+01   1.4439667e+01
   2.8856837e+01   1.8221269e+01
   2.5812868e+01   1.3677379e+01
   1.9868334e+01   1.3544284e+01
   2.7109143e+01   1.8217513e+01
   2.7145963e+01   1.9470330e+01
   2.3973355e+01   1.4905210e+01
   2.3016255e+01   2.1172629e+01
   3.1100065e+01   1.6643486e+01
   2.6228950e+01   1.4771582e+01
   1.4975143e+01   1.1055536e+01
   2.2671616e+01   1.6588854e+01
   2.2361022e+01   1.7110152e+01
   1.2080708e+01   1.3780527e+01
   1.4574048e+01   1.3114301e+01
   1.4828514e+01   1.0483601e+01
   2.4229858e+01   1.8331557e+01
   1.8498558e+01   1.2046786e+01
   2.2031343e+01   1.4927945e+01
   1.5894847e+01   1.3259667e+01
   1.9640781e+01   1.3475633e+01
   1.7727875e+01   1.1198354e+01
   2.2441203e+01   1.2638384e+01
   1.7839768e+01   1.0665594e+01
   2.3237692e+01   1.5119929e+01
   2.2074495e+01   1.1533874e+01
   2.3522034e+01   1.6561822e+01
   2.7542808e+01   1.9013807e+01
   2.3176283e+01   1.6395280e+01
   1.8909328e+01   1.1851665e+01
   2.0557359e+01   1.2002992e+01
   2.3902050e+01   1.5005885e+01
   1.3074982e+01   6.7986643e+00
   2.5229484e+01   1.3783936e+01
   2.9223157e+01   1.7058661e+01
   1.5729998e+01   1.1018472e+01
   1.4669680e+01   7.0240143e+00
   2.5122838e+01   1.6480576e+01
   2.2179610e+01   1.8243043e+01
   1.9430907e+01   1.7446819e+01
   2.7798084e+01   1.5601184e+01
   3.0345089e+01   1.6912188e+01
   2.2219064e+01   1.2648841e+01
   2.0790782e+01   1.5875189e+01
   2.0542551e+01   1.1145934e+01
   2.3936582e+01   1.2874711e+01
   2.8762269e+01   1.8502928e+01
   2.2176861e+01   1.5652780e+01
   2.0679045e+01   1.5547212e+01
   3.1809798e+01   2.1669332e+01
   1.9877516e+01   1.0928940e+01
   2.1110175e+01   1.4698561e+01
   1.7717652e+01   1.5241164e+01
   2.5691292e+01   1.5310310e+01
   3.1406363e+01   2.2175470e+01
   2.4509952e+01   1.5965933e+01
   2.2999202e+01   1.6597180e+01
   2.1870126e+01   1.1094380e+01
   2.9026028e+01   1.1357107e+01
   1.8148308e+01   1.1641227e+01
   2.5886125e+01   1.3656007e+01
   3.0325192e+01   1.3577446e+01
   2.4397449e+01   1.5774121e+01
   1.3390392e+01   7.7624006e+00
   2.0588433e+01   1.6023889e+01
   1.9838918e+01   1.4704055e+01
   1.3087589e+01   1.1192590e+01
   2.0998236e+01   1.1341479e+01
   1.9660956e+01   1.3162020e+01
   1.8824651e+01   1.0762135e+01
   2.8035754e+01   1.4955419e+01
   1.6704444e+01   1.5926558e+01
   2.7025528e+01   1.7695126e+01
   1.9385086e+01   1.6413119e+01
   2.0285204e+01   1.1402824e+01
   2.5219234e+01   1.4943181e+01
   2.4181859e+01   9.8373085e+00
   2.1312067e+01   1.3223474e+01
   2.3545118e+01   1.4920381e+01
   2.4151228e+01   1.8772744e+01
   3.1785213e+01   1.1826735e+01
   2.3188487e+01   2.0173778e+01
   2.8029000e+01   1.3225842e+01
   2.9370268e+01   1.6784239e+01
   2.3290579e+01   1.3063157e+01
   2.6970839e+01   1.3660530e+01
   2.2824238e+01   1.4833988e+01
   2.0745614e+01   1.5596323e+01
   2.4345764e+01   1.5937164e+01
   2.0161806e+01   1.8840038e+01
   2.2981656e+01   1.8581214e+01
   2.1789895e+01   1.0600092e+01
   2.6500383e+01   2.3789391e+01
   1.9699315e+01   1.4099162e+01
   2.0938111e+01   1.6719729e+01
   1.8560287e+01   1.2190007e+01
   1.7472901e+01   1.1846057e+01
   1.9843873e+01   1.7260972e+01
   1.7976293e+01   9.1466940e+00
   1.9996788e+01   1.3057811e+01
   2.1367169e+01   1.5891064e+01
   2.7818937e+01   2.0331057e+01
   2.8397215e+01   1.4574555e+01
   1.6826074e+01   2.1584373e+01
   1.7163688e+01   9.9347572e+00
   2.3796387e+01   1.6940218e+01
   2.2968379e+01   1.3218553e+01
   2.2210503e+01   1.4229365e+01
   2.3763220e+01   1.3178340e+01
   1.2787583e+01   8.6173523e+00
   1.7682569e+01   1.3273106e+01
   2.3344274e+01   1.8875915e+01
   2.0962644e+01   1.0946476e+01
   2.7707817e+01   1.6612547e+01
   2.4766629e+01   1.9234273e+01
   1.4943546e+01   1.2529818e+01
   2.0663606e+01   1.0545533e+01
   1.3678939e+01   1.4733628e+01
   1.9792519e+01   1.1369761e+01
   1.9365146e+01   2.8293890e+00
   2.4229180e+01   1.6781922e+01
   1.8493962e+01   1.1101892e+01
   1.8804586e+01   1.5307387e+01
   2.1070144e+01   1.7097857e+01
   2.5954623e+01   1.1169155e+01
   2.3087058e+01   1.9563610e+01
   2.6199752e+01   1.6668292e+01
   2.4021859e+01   1.9911281e+01
   2.1218190e+01   1.3131903e+01
   2.1592628e+01   8.8627711e+00
   2.1390394e+01   1.5230234e+01
   2.5098537e+01   1.3492109e+01
   2.6062504e+01   1.9636682e+01
   2.5263603e+01   1.5603101e+01
   1.5799134e+01   1.3009368e+01
   2.2603801e+01   1.0683093e+01
   2.5551449e+01   2.0477776e+01
   1.9907747e+01   1.3733104e+01
   2.0107946e+01   1.3368837e+01
   2.3858580e+01   1.6406720e+01
   1.8241814e+01   1.0284244e+01
   2.4788501e+01   1.8019483e+01
   2.7190615e+01   1.7329950e+01
   2.7711472e+01   1.2700002e+01
   1.8251104e+01   1.4942061e+01
   2.1904901e+01   1.7830058e+01
   2.1380100e+01   1.5259202e+01
   1.7170885e+01   1.1816760e+01
   1.9001854e+01   7.5829490e+00
   2.4329984e+01   1.2965494e+01
   2.3726904e+01   1.2827574e+01
   1.9986710e+01   1.4359743e+01
   2.7221600e+01   1.9159057e+01
   2.0174999e+01   1.4037732e+01
   2.7038231e+01   1.8703190e+01
   2.2573060e+01   1.0617547e+01
   1.8216913e+01   1.0727379e+01
   2.4879837e+01   1.5648882e+01
   1.8243267e+01   7.8850493e+00
   1.5577170e+01   1.5048305e+01
   2.2957458e+01   1.6333916e+01
   2.4862890e+01   1.7766685e+01
   1.7981584e+01   6.6489578e+00
   2.8909742e+01   1.5198200e+01
   3.0257617e+01   1.1532371e+01
   2.8148902e+01   1.6868479e+01
   1.4014327e+01   6.9210621e+00
   2.8223594e+01   1.5533479e+01
   2.6596280e+01   2.0475201e+01
   2.2683956e+01   1.6881284e+01
   2.1782206e+01   1.7135411e+01
   1.7054236e+01   1.3015284e+01
   2.0704325e+01   1.1228138e+01
   1.7413597e+01   9.9064891e+00
   2.1783179e+01   1.0756083e+01
   2.4847341e+01   1.5988100e+01
   2.9392791e+01   1.5379483e+01
   2.2254124e+01   1.3686269e+01
   2.1845789e+01   1.4143574e+01
   2.4623134e+01   1.4560338e+01
   2.1824766e+01   1.9176599e+01
   2.4766190e+01   1.9117899e+01
   2.3900996e+01   1.6502930e+01
   1.6510763e+01   1.2373432e+01
   2.0422875e+01   1.1869056e+01
   2.5414664e+01   1.3730815e+01
   2.2924720e+01   1.6819054e+01
   2.3219571e+01   1.5917900e+01
   2.0396465e+01   1.0003261e+01
   2.0921542e+01   1.5819140e+01
   3.0438988e+01   1.1816249e+01
   2.1402616e+01   7.8508900e+00
   2.5161007e+01   1.2083506e+01
   2.7584175e+01   1.6785867e+01
   2.2059251e+01   1.3561338e+01
   2.1024718e+01   1.6160616e+01
   2.4075065e+01   1.5303258e+01
   1.6167114e+01   1.2593507e+01
   2.1664760e+01   1.2346854e+01
   3.2569382e+01   2.1681802e+01
   2.1165219e+01   1.2232174e+01
   1.4835838e+01   8.2117350e+00
   2.5554266e+01   1.5182371e+01
   1.3389653e+01   9.1881916e+00
   2.1046751e+01   1.0196716e+01
   1.7934313e+01   1.3998482e+01
   1.7701512e+01   9.6693763e+00
   2.4888225e+01   1.8794668e+01
   2.4556707e+01   1.7090526e+01
   2.0914025e+01   1.0840895e+01
   1.8635914e+01   1.4689098e+01
   1.5698255e+01   1.8060724e+01
   2.8112625e+01   1.7396565e+01
   2.5318943e+01   1.5977761e+01
   2.7980198e+01   1.7419665e+01
   2.4054713e+01   1.6381584e+01
   2.0190515e+01   1.6685394e+01
   1.9271855e+01   1.2988355e+01
   1.8708478e+01   1.0759165e+01
   1.6655301e+01   5.0606289e+00
   1.7622054e+01   9.2026217e+00
   1.7164065e+01   1.1569882e+01
   2.2884735e+01   1.3773629e+01
   1.4938690e+01   1.0329391e+01
   1.8176273e+01   1.0977640e+01
   2.2563551e+01   1.8191959e+01
   1.8194920e+01   1.1979420e+01
   1.6933729e+01   1.5911670e+01
   2.2886549e+01   1.5385913e+01
   1.7360914e+01   8.5110565e+00
   2.3300687e+01   1.8373553e+01
   2.4349942e+01   1.6137671e+01
   2.3274260e+01   1.5138205e+01
   2.8567495e+01   1.4569187e+01
   2.2653665e+01   1.6402976e+01
   2.4362328e+01   1.0072253e+01
   1.9835733e+01   9.2811959e+00
   2.0186651e+01   1.8492856e+01
   2.0281297e+01   8.8211074e+00
   2.3674158e+01   1.2672369e+01
   3.1370941e+01   1.4571620e+01
   2.8385878e+01   1.6832799e+01
   1.6429478e+01   1.2645047e+01
   1.5168288e+01   1.2289343e+01
   2.3612494e+01   1.3601096e+01
   1.8407209e+01   1.1268146e+01
   2.4898496e+01   2.0061542e+01
   1.7991595e+01   1.2109044e+01
   2.4867148e+01   1.3904239e+01
   2.1999497e+01   1.6326196e+01
   2.2807462e+01   1.4996308e+01
   2.0036267e+01   7.8549378e+00
   1.5815803e+01   1.0751317e+01
   2.0095705e+01   1.5979968e+01
   1.2453587e+01   7.5789839e+00
   1.6309486e+01   1.1065631e+01
   2.1687885e+01   1.5925736e+01
   2.2534948e+01   1.5272506e+01
   1.8599689e+01   1.0454723e+01
   1.3328715e+01   1.2809824e+01
   2.6097360e+01   1.6727418e+01
   1.8492435e+01   1.2121381e+01
   1.7141757e+01   1.0233157e+01
   2.6708769e+01   1.2517608e+01
   1.9439732e+01   1.0174639e+01
   2.0804472e+01   1.8561610e+01
   1.9168824e+01   1.4807104e+01
   2.0967572e+01   1.1280439e+01
   2.7680028e+01   1.7000711e+01
   1.8720969e+01   1.3062935e+01
   2.4723927e+01   1.7898141e+01
   2.2663780e+01   1.2624545e+01
   2.0263393e+01   1.4284878e+01
   2.0169332e+01   1.6710391e+01
   2.3429575e+01   1.3113669e+01
   1.9333034e+01   9.4211084e+00
   1.6478931e+01   1.6317127e+01
   2.1598927e+01   1.0133113e+01
   2.3630552e+01   1.8304578e+01
   2.1696346e+01   1.0084264e+01
   2.8160220e+01   1.4570372e+01
   2.8853359e+01   1.4066796e+01
   2.2025470e+01   1.8537867e+01
   1.8054054e+01   7.0150117e+00
   2.5576030e+01   1.7314403e+01
   2.2304122e+01   1.1629963e+01
   2.3457285e+01   1.4909168e+01
   2.3397341e+01   1.6293955e+01
   1.9883305e+01   1.7086562e+01
   2.2087100e+01   1.4447981e+01
   2.1907759e+01   1.4104193e+01
   1.5883354e+01   1.4250734e+01
   2.4473095e+01   1.5387685e+01
   1.2668432e+01   9.3905291e+00
   1.9802089e+01   1.0816318e+01
   1.5826154e+01   1.1810346e+01
   2.0758935e+01   7.8743876e+00
   2.5760514e+01   1.8687920e+01
   2.3325063e+01   1.3691422e+01
   1.9188403e+01   1.6094130e+01
   2.3223923e+01   1.4975298e+01
   2.0046204e+01   1.4949284e+01
   2.0885320e+01   1.3580395e+01
   2.6579249e+01   1.8545335e+01
   2.2758512e+01   1.0948830e+01
   1.9436157e+01   9.5706968e+00
   2.4814531e+01   1.7052687e+01
   1.9415582e+01   9.6998604e+00
   2.5266110e+01   1.8733122e+01
   2.9168419e+01   1.7485287e+01
   1.7823982e+01   1.3834175e+01
   3.0572492e+01   1.7274187e+01
   3.0007057e+01   1.7012632e+01
   1.5197996e+01   1.1947191e+01
   2.6343055e+01   1.4445134e+01
   2.2723251e+01   1.9985068e+01
   1.8486857e+01   6.0753343e+00
   1.9535252e+01   1.0594324e+01
   2.3543437e+01   1.6443013e+01
   2.1452818e+01   1.6189728e+01
   2.5044780e+01   1.6390167e+01
   2.2301214e+01   1.9205379e+01
   2.3478535e+01   1.8867519e+01
   2.1562604e+01   1.4111337e+01
   3.2375599e+01   1.4053871e+01
   2.4761902e+01   1.4881362e+01
   1.7798530e+01   1.2696900e+01
   1.9121493e+01   1.1156739e+01
   1.6395557e+01   8.4739772e+00
   2.3456807e+01   1.2210115e+01
   2.3715104e+01   1.6886765e+01
   2.3323838e+01   1.1393625e+01
   1.7470055e+01   9.7940900e+00
   1.4628005e+01   1.5585612e+01
   1.6452742e+01   1.6181636e+01
   2.4767216e+01   1.5064431e+01
   2.5198580e+01   9.2299377e+00
   2.9512034e+01   1.6911021e+01
   2.6516097e+01   1.0488344e+01
   1.9793652e+01   1.0676650e+01
   2.6717355e+01   1.2142975e+01
   2.5274095e+01   1.7494908e+01
   1.5114913e+01   7.7338397e+00
   2.6637987e+01   1.8465052e+01
   1.6729868e+01   7.2635550e+00
   2.1484511e+01   2.0501837e+01
   2.1945144e+01   1.5038789e+01
   1.9915217e+01   1.3300436e+01
   1.9768154e+01   1.1026193e+01
   1.7896438e+01   1.3972779e+01
   2.1958130e+01   1.4826292e+01
   2.8430179e+01   1.8741448e+01
   2.4163350e+01   1.6988222e+01
   2.0870057e+01   1.4990319e+01
   2.0835033e+01   1.3313919e+01
   1.9081876e+01   1.3060580e+01
   2.4548584e+01   1.6297788e+01
   2.8175944e+01   1.5371126e+01
   1.9531582e+01   1.1972771e+01
   2.0600362e+01   1.5476226e+01
   2.0318597e+01   1.0039017e+01
   2.2248400e+01   1.5509517e+01
   2.3988626e+01   1.7258198e+01
   2.2228159e+01   1.5695769e+01
   1.8411625e+01   1.3041306e+01
   2.5155392e+01   1.6265416e+01
   1.9165831e+01   1.3365536e+01
   2.2942003e+01   1.1900492e+01
   2.0308971e+01   1.4071147e+01
   3.1816241e+01   1.9142552e+01
   1.6382610e+01   1.1929282e+01
   1.7162708e+01   1.2686103e+01
   1.4724893e+01   5.9598038e+00
   2.1972916e+01   1.3205436e+01
   2.5456652e+01   1.6454392e+01
   2.4987946e+01   1.3664255e+01
   2.4342656e+01   1.5204597e+01
   2.4584821e+01   1.1594673e+01
   2.1757498e+01   1.4066328e+01
   1.9714484e+01   1.3583053e+01
   1.8975063e+01   9.7855015e+00
   1.7063481e+01   1.3488699e+01
   1.8075677e+01   1.2167934e+01
   1.6888265e+01   1.4287928e+01
   2.9226358e+01   1.9694108e+01
   2.0067490e+01   1.1630536e+01
   2.2688378e+01   1.4355940e+01
   2.1301384e+01   1.7398749e+01
   1.7262309e+01   1.7980508e+01
   2.1045837e+01   1.2595269e+01
   1.6864903e+01   1.9158322e+01
   3.2132102e+01   2.5625466e+01
   2.1556945e+01   1.1489654e+01
   3.1463382e+01   1.8294026e+01
   2.6864777e+01   1.4726644e+01
   2.1998325e+01   1.3469674e+01
   2.5044652e+01   1.4811108e+01
   2.0588601e+01   1.4495239e+01
   1.7336590e+01   1.4220542e+01
   2.0719152e+01   1.5777396e+01
   2.6393770e+01   1.8475690e+01
   2.6580677e+01   1.7366016e+01
   2.2418360e+01   1.5891996e+01
   1.8848466e+01   1.7290201e+01
   2.5973853e+01   1.7831823e+01
   1.5356943e+01   1.0571366e+01
   2.1697603e+01   1.6559016e+01
   1.5599040e+01   1.3269344e+01
   1.9485085e+01   1.4253375e+01
   1.4760066e+01   9.8727915e+00
   1.9749428e+01   1.2719466e+01
   2.3844254e+01   1.4896229e+01
   2.5841836e+01   1.6368438e+01
   1.4867894e+01   1.3587273e+01
   2.3543519e+01   1.3957321e+01
   2.2320306e+01   1.5739864e+01
   2.8309846e+01   1.4139135e+01
   1.9220821e+01   8.7431567e+00
   1.7086942e+01   1.3079157e+01
   2.4456215e+01   1.6672799e+01
   2.5685055e+01   1.1623021e+01
   2.5965952e+01   1.2990628e+01
   3.0387611e+01   1.8581410e+01
   1.7764377e+01   1.6204994e+01
   1.8055838e+01   1.1507235e+01
   2.4303755e+01   1.2583138e+01
   2.5390609e+01   1.9254692e+01
   2.0172680e+01   1.1323155e+01
   2.4846399e+01   1.7874199e+01
   2.1347133e+01   9.7811012e+00
   2.4574505e+01   1.7057244e+01
   2.4179828e+01   1.0419736e+01
   1.8167397e+01   1.3649238e+01
   2.0599322e+01   1.4015772e+01
   2.7964776e+01   1.3000435e+01
   1.8431133e+01   1.1875999e+01
   2.4943008e+01   1.2206348e+01
   1.8608634e+01   5.7300381e+00
   1.1401023e+01   1.3853914e+01
   2.3400312e+01   1.6768153e+01
   2.2960017e+01   1.9419006e+01
   2.4125540e+01   1.8224715e+01
   1.8833692e+01   1.2507562e+01
   2.4488579e+01   1.3252433e+01
   2.4304847e+01   1.0123592e+01
   2.1744108e+01   1.2614706e+01
   2.4282679e+01   1.5492931e+01
   2.6787529e+01   1.3503039e+01
   2.3744058e+01   1.5522385e+01
   1.7182616e+01   9.9119911e+00
   2.0389241e+01   1.3343124e+01
   2.5758367e+01   1.1265778e+01
   2.8473821e+01   1.9991198e+01
   1.7883044e+01   9.4967051e+00
   2.2096479e+01   1.8015430e+01
   1.7438571e+01   1.7515005e+01
   2.5149476e+01   1.6962790e+01
   2.8508550e+01   1.2815725e+01
   1.9997327e+01   1.2075794e+01
   2.6186011e+01   1.3981436e+01
   2.0544218e+01   1.6380598e+01
   2.4372500e+01   8.4145364e+00
   2.4181734e+01   1.4873691e+01
   3.1120383e+01   1.7833744e+01
   1.9886134e+01   1.2804430e+01
   3.1603319e+01   1.9070005e+01
   2.0451519e+01   1.5164686e+01
   2.0750855e+01   1.1959405e+01
   2.2760446e+01   1.1338430e+01
   2.2325025e+01   1.9374793e+01
   2.1887161e+01   1.7322375e+01
   2.5029661e+01   1.4863740e+01
   2.7532198e+01   1.6567281e+01
   1.7889272e+01   1.4047873e+01
   2.3930001e+01   1.4309094e+01
   1.6525638e+01   1.2773074e+01
   3.2253755e+01   1.7773624e+01
   2.9709065e+01   1.8214909e+01
   2.0430413e+01   1.1343343e+01
   2.5807405e+01   1.8428295e+01
   1.8137132e+01   1.1410220e+01
   2.5414550e+01   1.4503593e+01
   2.3439172e+01   1.2389648e+01
   2.7081681e+01   1.2751439e+01
   2.3869488e+01   1.7462392e+01
   2.1554240e+01   1.5200490e+01
   2.0170459e+01   9.2853543e+00
   2.4988900e+01   1.5849843e+01
   2.3512145e+01   1.5064149e+01
   2.9576445e+01   1.6800000e+01
   2.3164649e+01   1.3880332e+01
   2.6280111e+01   1.6904689e+01
   2.2296650e+01   1.3521687e+01
   2.5368126e+01   1.5919060e+01
   2.2685029e+01   1.5429033e+01
   2.6498718e+01   1.5217084e+01
   2.2523060e+01   1.7683084e+01
   2.2033481e+01   1.8322934e+01
   2.5698227e+01   1.7614361e+01
   1.9822644e+01   1.5161526e+01
   1.9190456e+01   1.2789372e+01
   2.0156132e+01   1.3759721e+01
   2.3070338e+01   8.8939357e+00
   1.7565485e+01   7.2319866e+00
   2.5337514e+01   1.5501665e+01
   2.2184734e+01   1.4658043e+01
   1.9773793e+01   8.4497099e+00
   2.3001156e+01   1.4636964e+01
   2.3034020e+01   1.5083049e+01
   1.8885656e+01   1.1516827e+01
   1.9027023e+01   1.3053398e+01
   2.0661674e+01   1.0921368e+01
   1.4391881e+01   9.1373835e+00
   2.3687938e+01   2.0000666e+01
   1.9660713e+01   1.1966660e+01
   2.0212101e+01   1.8610102e+01
   1.9188960e+01   7.1125675e+00
   2.5482630e+01   1.3931311e+01
   2.4278526e+01   1.0815348e+01
   1.7886107e+01   1.2433388e+01
   2.0778254e+01   1.5183764e+01
   2.0441956e+01   1.8334710e+01
   1.8099539e+01   1.2893585e+01
   2.1915493e+01   1.3281492e+01
   2.6836712e+01   1.4617975e+01
   1.9760611e+01   1.1339119e+01
   1.5225026e+01   1.4789089e+01
   2.6347557e+01   1.9696496e+01
   1.6747007e+01   4.8929934e+00
   2.3593334e+01   1.1597519e+01
   2.1178432e+01   1.3984350e+01
   2.1866543e+01   1.4024877e+01
   2.5812652e+01   1.6716409e+01
   1.8678532e+01   1.0625341e+01
   2.6930853e+01   1.3702537e+01
   2.3384597e+01   1.5328276e+01
   2.4510646e+01   2.0831967e+01
   2.0251136e+01   1.2775546e+01
   2.8857551e+01   2.1352210e+01
   2.0934583e+01   8.3808681e+00
   2.4994344e+01   1.8203142e+01
   2.2247933e+01   1.7229995e+01
   2.2311619e+01   8.7854658e+00
   1.7355503e+01   1.3114855e+01
   2.3860517e+01   1.3498606e+01
   2.2077226e+01   5.9957758e+00
   2.0531919e+01   1.2146839e+01
   2.7865214e+01   2.2460604e+01
   2.3332413e+01   1.1665087e+01
   2.3860007e+01   1.3643926e+01
   2.4803943e+01   1.9470762e+01
   2.3629147e+01   1.9117477e+01
   1.9582717e+01   1.6991408e+01
   1.9479521e+01   1.2265221e+01
   2.5851118e+01   1.6692518e+01
   2.1825987e+01   1.0256846e+01
   1.6348263e+01   1.5842840e+01
   2.1983324e+01   1.4690669e+01
   2.7220428e+01   1.8531256e+01
   1.8769698e+01   1.0743037e+01
   2.8883671e+01   1.8307281e+01
   2.1145623e+01   1.8439551e+01
   2.2725161e+01   1.3090755e+01
   2.3147244e+01   1.6223350e+01
   2.1109631e+01   6.4472347e+00
   2.4593509e+01   1.7772852e+01
   1.9443935e+01   1.5241107e+01
   2.2642982e+01   1.5609833e+01
   1.8905072e+01   1.3129632e+01
   2.5925357e+01   1.9217652e+01
   1.5508545e+01   1.1913657e+01
   2.4497839e+01   1.2535771e+01
   2.2439330e+01   8.6258636e+00
   1.6611294e+01   1.5392714e+01
   2.2581750e+01   1.2149458e+01
   8.9484558e+00   8.3260641e+00
   1.4447522e+01   1.0776271e+01
   2.5972444e+01   1.6098080e+01
   2.8938866e+01   1.3180741e+01
   2.3865310e+01   1.6845728e+01
   2.6882898e+01   1.4242088e+01
   1.9599772e+01   9.2002904e+00
   1.8743237e+01   1.1052679e+01
   2.7018102e+01   1.5243509e+01
   2.1742805e+01   1.1450039e+01
   1.8664865e+01   1.4958664e+01
   2.3475805e+01   1.6444724e+01
   1.7705915e+01   4.9891602e+00
   2.6886844e+01   1.6821110e+01
   2.2226614e+01   9.8952610e+00
   2.0688255e+01   1.0162666e+01
   2.1709228e+01   1.4315058e+01
   2.6840882e+01   1.8856609e+01
   1.8652197e+01   1.4471834e+01
   2.3854342e+01   1.0140386e+01
   1.5844338e+01   9.1709635e+00
   2.4273618e+01   1.5036220e+01
   2.4227271e+01   2.0883079e+01
   1.9244665e+01   1.2711241e+01
   2.5479336e+01   1.2955903e+01
   2.1847422e+01   1.1486813e+01
   2.5572417e+01   1.5537000e+01
   1.9495739e+01   1.3486600e+01
   2.3633431e+01   1.0554068e+01
   2.5398869e+01   1.4821995e+01
   2.5235615e+01   1.9834784e+01
   2.0766729e+01   1.2260579e+01
   1.8566567e+01   1.0902829e+01
   1.7195802e+01   1.0644601e+01
   2.5671181e+01   2.0040971e+01
   2.1731045e+01   1.2377331e+01
   2.0145811e+01   1.4341239e+01
   2.6102926e+01   1.0615829e+01
   2.3884524e+01   1.3776411e+01
   1.6106808e+01   1.1834958e+01
   2.1041533e+01   1.2504412e+01
   2.1314171e+01   1.3448250e+01
   2.5769672e+01   1.6246694e+01
   2.3829281e+01   1.5735239e+01
   1.4552821e+01   1.1508360e+01
   1.7423867e+01   9.0377657e+00
   2.3140537e+01   1.1350127e+01
   1.7021694e+01   1.4320465e+01
   1.6415768e+01   1.0548414e+01
   1.7139247e+01   1.0458320e+01
   2.8556413e+01   1.4903454e+01
   1.9509974e+01   1.4380213e+01
   2.9758084e+01   1.6367891e+01
   2.7945942e+01   2.0426865e+01
   2.4646085e+01   1.5759602e+01
   2.1217858e+01   1.6471811e+01
   2.0401136e+01   8.3048323e+00
   2.4902619e+01   7.1168335e+00
   2.2075093e+01   1.6880331e+01
   1.9142302e+01   1.2895478e+01
   1.5674517e+01   7.2938661e+00
   1.6168041e+01   9.7561925e+00
   2.1932747e+01   1.1469588e+01
   2.4309721e+01   1.7084507e+01
   2.3147537e+01   1.8507796e+01
   2.3842625e+01   1.2069172e+01
   2.2403262e+01   1.6353702e+01
   2.6009737e+01   1.4259748e+01
   2.5894957e+01   1.4254093e+01
   1.8062369e+01   1.0191704e+01
   1.8153747e+01   8.0765848e+00
   2.1316163e+01   1.5464056e+01
   2.1245531e+01   1.5063544e+01
   1.5260447e+01   1.0124378e+01
   1.7357792e+01   1.4835628e+01
   1.9349422e+01   1.5317743e+01
   1.6761504e+01   1.4506331e+01
   1.8248249e+01   1.2301709e+01
   2.2268450e+01   1.5732423e+01
   1.8541851e+01   1.3601837e+01
   2.1427258e+01   9.8701346e+00
   1.9220800e+01   9.8294663e+00
   2.4978926e+01   1.2616512e+01
   1.7298299e+01   1.2294049e+01
   2.5614896e+01   1.5492528e+01
   2.0633090e+01   1.0390425e+01
   2.5946462e+01   2.0295632e+01
   2.6531772e+01   1.2007532e+01
   1.8093481e+01   1.4746646e+01
   1.7905015e+01   1.5079218e+01
   2.4904320e+01   1.8368733e+01
   1.6045756e+01   1.9579995e+01
   2.5133971e+01   1.9898411e+01
   2.6301473e+01   1.3911683e+01
   2.1076663e+01   1.3351283e+01
   1.9179043e+01   1.3573966e+01
   2.7637334e+01   1.5920854e+01
   2.4329804e+01   1.6331502e+01
   2.2565830e+01   1.1041705e+01
   2.5456273e+01   1.7431550e+01
   2.9350400e+01   1.6104761e+01
   2.1871737e+01   1.5144167e+01
   2.0828157e+01   1.5719264e+01
   2.0600959e+01   1.0993269e+01
   1.4339704e+01   7.1870828e+00
   2.0403110e+01   1.1819970e+01
   2.5723591e+01   1.3729351e+01
   2.1881659e+01   1.5262101e+01
   2.0396984e+01   1.5603827e+01
   2.2072218e+01   1.3157364e+01
   2.2873242e+01   8.5989394e+00
   2.4117779e+01   1.6221862e+01
   1.8302435e+01   1.1893365e+01
   1.8911915e+01   1.2139778e+01
   1.9513103e+01   1.6767800e+01
   2.1464761e+01   2.1209089e+01
   2.0142443e+01   1.4269187e+01
   1.8316129e+01   1.5423984e+01
   1.9697311e+01   1.3669639e+01
   2.0793183e+01   1.4479397e+01
   2.0854890e+01   1.5126528e+01
   2.1674484e+01   1.0144937e+01
   2.2678154e+01   1.6225178e+01
   1.5630865e+01   8.8017768e+00
   2.6135750e+01   1.5459127e+01
   2.7163507e+01   1.4200742e+01
   2.1961566e+01   1.7294069e+01
   1.9483853e+01   1.0903211e+01
   2.2120075e+01   1.4662818e+01
   2.1718118e+01   1.5563294e+01
   1.8350451e+01   1.1615277e+01
   1.8698414e+01   1.4798626e+01
   2.2076021e+01   8.4109925e+00
   1.6053959e+01   7.6231708e+00
   1.7988929e+01   6.0288822e+00
   2.2929967e+01   1.3055091e+01
   2.8525668e+01   1.4818185e+01
   1.9372395e+01   2.0899437e+01
   1.8828187e+01   9.7276887e+00
   2.3003911e+01   1.3440292e+01
   2.2782533e+01   1.7204507e+01
   2.1809629e+01   1.4395018e+01
   1.9976572e+01   1.5229002e+01
   2.5393761e+01   1.3761647e+01
   1.4303197e+01   1.4014078e+01
   2.4784421e+01   1.2035848e+01
   1.7365035e+01   6.3911505e+00
   2.1546242e+01   1.7212869e+01
   2.6685951e+01   1.7941711e+01
   2.3850542e+01   9.4927981e+00
   2.5814634e+01   1.6732413e+01
   2.1946789e+01   1.2946158e+01
   2.6940086e+01   1.2804362e+01
   1.8048123e+01   1.6234136e+01
   2.0911465e+01   1.4357503e+01
   2.0753771e+01   1.2455028e+01
   1.9484951e+01   1.3183165e+01
   2.5071287e+01   1.5232777e+01
   2.4499634e+01   1.4557138e+01
   1.8338576e+01   1.2328724e+01
   2.2030880e+01   1.3019426e+01
   2.3786532e+01   1.1728611e+01
   1.9693603e+01   8.5447862e+00
   2.7727778e+01   1.5570827e+01
   1.5858714e+01   8.1616445e+00
   2.3462513e+01   1.4111379e+01
   2.4662611e+01   2.0074110e+01
   3.0963782e+01   2.4375065e+01
   1.9083707e+01   1.6570978e+01
   1.9222081e+01   6.5781130e+00
